409.20 411.40
411.80 412.40
426.50 426.90
433.00 435.50
436.50 436.78
437.10 437.40
438.70 439.10
444.50 444.80
446.60 447.40
447.90 448.20
452.50 453.50
455.00 455.50
456.60 457.00
457.40 457.80
458.90 459.20
459.50 459.80
460.00 460.30
460.60 460.90
461.70 462.30
462.20 462.50
464.00 464.50
464.60 465.20
466.00 466.30
470.40 470.70
471.10 471.50
480.20 480.45
481.23 481.45
481.80 482.10
484.00 488.00
491.90 492.50
499.25 499.55
499.90 501.20
501.40 501.70
504.30 504.90
515.50 515.75
515.90 516.15 
517.50 518.50
523.45 523.75
524.20 524.50
526.25 526.50
527.10 527.40
527.60 527.80
528.10 528.35 
563.75 564.20
566.50 566.80
567.40 568.10
573.80 574.15
587.40 587.75
591.75 592.25
592.65 593.40
593.80 594.30
595.15 595.50
627.50 628.75
653.00 659.50
667.50 668.00
686.60 688.00
706.20 706.75
759.30 761.85
762.20 764.00
765.00 765.85
